word, homogeneity_score, completeness_score, v_measure, randIndex, num_of_inst, num_of_feature
      affect.v   1.00000   1.00000   1.00000   1.00000        64        64         1         1    0.2299
       allow.v   0.03604   0.01102   0.01688  -0.02404       143       143         2         3    0.1612
    announce.v   0.01012   0.00248   0.00398  -0.01532       108       108         2         2    0.2018
     approve.v   0.03136   0.01786   0.02276  -0.07397        65        65         2         3    0.2066
        area.n   0.00099   0.00171   0.00125   0.00796       363       363         3         2    0.0643
         ask.v   0.01481   0.01845   0.01643  -0.01889       406       406         6         2    0.0589
     attempt.v   1.00000   0.00000   0.00000  -0.00000        50        50         1         3    0.1801
   authority.n   0.04801   0.04892   0.04846   0.02751       111       111         4         4    0.1804
       avoid.v   1.00000   0.00000   0.00000  -0.00000        71        71         1         3    0.2520
        base.n   0.04682   0.07453   0.05751  -0.00141       112       112         5         3    0.1484
       begin.v   0.07146   0.02961   0.04187   0.00111       162       162         4         8    0.1590
     believe.v   0.00376   0.00388   0.00382  -0.03773       257       257         2         3    0.0906
        bill.n   0.12966   0.07336   0.09370   0.00144       506       506         3         7    0.0427
       build.v   0.02383   0.01948   0.02144  -0.02216       165       165         3         4    0.1455
         buy.v   0.02716   0.01621   0.02031  -0.00227       210       210         5         4    0.1185
     capital.n   0.01240   0.00946   0.01073   0.03189       335       335         4         3    0.0681
        care.v   0.01440   0.03448   0.02031  -0.04171        76        76         3         3    0.1728
     carrier.n   0.09759   0.11181   0.10422   0.00805       132       132         8         7    0.1474
       cause.v   1.00000   1.00000   1.00000   1.00000       120       120         1         1    0.1935
      chance.n   0.02375   0.03594   0.02860  -0.03815       106       106         4         4    0.1887
       claim.v   0.02670   0.04674   0.03398  -0.09068        69        69         3         3    0.2514
        come.v   0.11430   0.12834   0.12092   0.01694       229       229        10         8    0.1107
    complain.v   0.09844   0.09844   0.09844   0.25612        46        46         2         2    0.1463
    complete.v   0.23458   0.03812   0.06558   0.04219        58        58         2         3    0.2201
   condition.n   0.00253   0.00207   0.00228   0.02852       166       166         2         3    0.1325
  contribute.v   0.04201   0.12799   0.06325  -0.03555        53        53         2         2    0.1496
     defense.n   0.09016   0.23473   0.13028  -0.00199       141       141         7         6    0.1522
    describe.v   0.09666   0.02106   0.03459  -0.06602        76        76         3         8    0.2226
 development.n   0.02576   0.01770   0.02098   0.01435       209       209         3         3    0.1122
    disclose.v   0.00567   0.00284   0.00378  -0.01960        69        69         2         3    0.2070
          do.v   0.02123   0.00588   0.00921   0.00197       268       268         4         4    0.0867
        drug.n   0.01500   0.02306   0.01817   0.02144       251       251         2         3    0.0914
      effect.n   0.05784   0.15974   0.08493   0.05302       208       208         3         3    0.1102
         end.v   0.06605   0.11317   0.08341  -0.06527       156       156         4         5    0.1375
       enjoy.v   0.06269   0.04565   0.05283   0.05548        70        70         2         3    0.2322
    estimate.v   1.00000   0.00000   0.00000  -0.00000        90        90         1         2    0.1928
     examine.v   0.18449   0.15105   0.16610   0.09128        29        29         3         4    0.0000
    exchange.n   0.01206   0.03356   0.01775  -0.06089       424       424         5         2    0.0521
       exist.v   0.03205   0.00710   0.01162  -0.04262        74        74         2         5    0.2244
     explain.v   0.12069   0.03595   0.05540   0.05496       103       103         2         8    0.2154
     express.v   1.00000   0.00000   0.00000  -0.00000        57        57         1         7    0.2459
        feel.v   0.09439   0.03558   0.05168   0.04245       398       398         3         8    0.0593
        find.v   0.02015   0.01631   0.01803   0.02731       202       202         5         3    0.1261
         fix.v   0.02471   0.12147   0.04106  -0.00502        34        34         5         2    0.0000
      future.n   0.22338   0.11780   0.15425   0.01954       496       496         3         4    0.0416
          go.v   0.08966   0.09628   0.09285   0.01924       305       305        12         7    0.0805
       grant.v   0.11654   0.16464   0.13647   0.19281        24        24         2         2    0.0000
        hold.v   0.01587   0.06875   0.02579  -0.00430       153       153         9         2    0.1627
        hope.v   1.00000   0.00000   0.00000  -0.00000       136       136         1         3    0.1729
        hour.n   0.05093   0.06579   0.05741   0.04075       235       235         4         3    0.0944
     improve.v   1.00000  -0.00000  -0.00000  -0.00000        47        47         1         2    0.1321
         job.n   0.02448   0.03250   0.02792  -0.07590       227       227         3         3    0.1049
        join.v   0.02886   0.04604   0.03548  -0.06677        86        86         4         3    0.2237
        keep.v   0.01679   0.03284   0.02222  -0.02254       340       340         8         4    0.0707
        kill.v   0.04142   0.01606   0.02315  -0.00856       127       127         4         3    0.1580
        lead.v   0.02034   0.03661   0.02615   0.00752       204       204         6         4    0.1195
    maintain.v   0.13488   0.10095   0.11547  -0.10133        71        71         2         3    0.2534
  management.n   0.00876   0.00463   0.00606   0.00444       329       329         2         5    0.0712
        move.n   0.05288   0.02306   0.03211   0.04195       317       317         4         3    0.0748
        need.v   0.00264   0.00291   0.00277  -0.01237       251       251         2         3    0.0983
   negotiate.v   1.00000   1.00000   1.00000   1.00000        34        34         1         1    0.0000
     network.n   0.04516   0.10281   0.06275   0.07959       207       207         3         3    0.1027
       occur.v   0.02338   0.04783   0.03141  -0.07469        69        69         3         3    0.2274
       order.n   0.04658   0.02270   0.03053  -0.00586       403       403         7         4    0.0549
        part.n   0.04215   0.02926   0.03455   0.11007       552       552         4         4    0.0391
      people.n   0.01238   0.00701   0.00895  -0.02942       869       869         4         3    0.0275
       plant.n   0.01316   0.00574   0.00799  -0.01568       411       411         2         4    0.0570
       point.n   0.16048   0.10753   0.12877   0.05155       619       619         9         4    0.0335
      policy.n   0.03048   0.01051   0.01563  -0.01438       370       370         2         5    0.0654
    position.n   0.03127   0.04783   0.03781   0.01538       313       313         7         3    0.0714
       power.n   0.00728   0.00638   0.00680  -0.00368       298       298         3         4    0.0806
     prepare.v   0.11286   0.06171   0.07980   0.05194        72        72         2         6    0.2153
   president.n   0.02559   0.01704   0.02046  -0.03798      1056      1056         3         3    0.0195
     produce.v   0.01659   0.01714   0.01686   0.07972       159       159         3         2    0.1546
     promise.v   0.20622   0.09730   0.13222   0.06813        58        58         2         4    0.2287
     propose.v   0.00897   0.00420   0.00572   0.00416        48        48         2         3    0.1678
       prove.v   0.02302   0.02042   0.02164  -0.00655        71        71         3         3    0.2372
    purchase.v   1.00000  -0.00000  -0.00000  -0.00000        50        50         1         5    0.1329
       raise.v   0.11909   0.11531   0.11717   0.01821       181       181         8         7    0.1348
        rate.n   0.01410   0.00881   0.01084  -0.03797      1154      1154         2         4    0.0173
      recall.v   0.05873   0.02907   0.03889   0.01300        64        64         3         2    0.2405
     receive.v   0.01767   0.00300   0.00512   0.00053       184       184         2         4    0.1309
      regard.v   0.01310   0.02734   0.01771   0.00218        54        54         3         3    0.1957
    remember.v   0.07560   0.00510   0.00955  -0.00658       134       134         2         2    0.1588
      remove.v   1.00000   1.00000   1.00000   1.00000        64        64         1         1    0.2186
     replace.v   0.23827   0.03885   0.06680   0.04948        61        61         2         5    0.2476
      report.v   0.01656   0.00778   0.01059   0.03348       163       163         3         3    0.1407
        rush.v   0.09091   0.02577   0.04015  -0.07267        35        35         2         3    0.0000
         say.v   0.03621   0.00535   0.00933   0.00679      2702      2702         5         5    0.0084
         see.v   0.00653   0.04250   0.01133   0.00629       212       212         6         2    0.1180
         set.v   0.00000   1.00000   0.00000   0.00000       216       216         9         1    0.1138
       share.n   0.00824   0.00135   0.00232   0.00427      3061      2668         2         2    0.0061
      source.n   0.05486   0.07603   0.06373   0.02893       187       187         5         4    0.0962
       space.n   0.02810   0.08005   0.04160  -0.03120        81        81         5         3    0.1874
       start.v   0.09013   0.05520   0.06847   0.00748       252       252         6         8    0.1027
       state.n   0.00000   1.00000   0.00000  -0.00000       689       689         3         1    0.0341
      system.n   0.00896   0.01993   0.01237   0.00320       520       520         5         4    0.0476
        turn.v   0.11355   0.11325   0.11340  -0.02273       402       402        13        10    0.0612
       value.n   0.02463   0.01500   0.01864  -0.01996       394       394         3         3    0.0538
        work.v   0.14552   0.10254   0.12031   0.06172       273       273         8         6    0.0904

[0.15834078909617277, 0.1016225705797397, 0.078749058733311034, 0.044719239609377223]

