word, homogeneity_score, completeness_score, v_measure, randIndex, num_of_inst, num_of_feature
      affect.v   1.00000   1.00000   1.00000   1.00000    64    64  1  10.0000
       allow.v   0.00207   0.01348   0.00359  -0.01198   143   143  2  20.0981
    announce.v   0.01012   0.00248   0.00398  -0.01532   108   108  2  20.0385
     approve.v   0.07356   0.09092   0.08133   0.22353    65    65  2  20.0000
        area.n   0.00383   0.04860   0.00709  -0.01109   363   363  3  30.0673
         ask.v   0.01341   0.01473   0.01404   0.00472   406   406  6  60.0626
     attempt.v   1.00000   1.00000   1.00000   1.00000    50    50  1  10.0000
   authority.n   0.04813   0.29001   0.08255   0.02210   111   111  4  40.0144
       avoid.v   1.00000   1.00000   1.00000   1.00000    71    71  1  10.0000
        base.n   0.03034   0.19751   0.05261  -0.00812   112   112  5  50.0000
       begin.v   0.02652   0.02552   0.02601  -0.01775   162   162  4  40.1214
     believe.v   0.04202   0.09077   0.05744   0.13871   257   257  2  20.0851
        bill.n   0.02705   0.05911   0.03712  -0.05006   506   506  3  30.0418
       build.v   0.01080   0.04713   0.01757  -0.02306   165   165  3  30.1102
         buy.v   0.04533   0.05877   0.05118  -0.04692   210   210  5  50.1026
     capital.n   0.10420   0.02536   0.04079   0.00300   335   335  4  40.0678
        care.v   0.00317   0.00236   0.00271  -0.01413    76    76  3  30.0000
     carrier.n   0.10703   0.11821   0.11234   0.04100   132   132  8  80.0594
       cause.v   1.00000   1.00000   1.00000   1.00000   120   120  1  10.0815
      chance.n   0.01229   0.01272   0.01250  -0.01943   106   106  4  40.0241
       claim.v   0.06964   0.06487   0.06717   0.06907    69    69  3  30.0000
        come.v   0.08653   0.11765   0.09972   0.00271   229   229 10 100.1047
    complain.v   0.00208   0.00075   0.00110  -0.01111    46    46  2  20.0000
    complete.v   0.22963   0.05189   0.08466   0.04604    58    58  2  20.0000
   condition.n   0.00521   0.03845   0.00917  -0.01773   166   166  2  20.0975
  contribute.v   0.00038   0.00052   0.00044  -0.00575    53    53  2  20.0000
     defense.n   0.07223   0.14737   0.09695  -0.01944   141   141  7  70.0829
    describe.v   0.14937   0.03232   0.05314   0.00462    76    76  3  30.0000
 development.n   0.02462   0.09274   0.03891   0.04114   209   209  3  30.0966
    disclose.v   0.00281   0.00281   0.00281  -0.01471    69    69  2  20.0000
          do.v   0.05139   0.02156   0.03038  -0.00004   268   268  4  40.0820
        drug.n   0.00466   0.00907   0.00616   0.02391   251   251  2  20.0799
      effect.n   0.02239   0.02956   0.02548  -0.00122   208   208  3  30.0987
         end.v   0.01523   0.05185   0.02354  -0.01670   156   156  4  40.0856
       enjoy.v   0.03450   0.04293   0.03825  -0.07644    70    70  2  20.0000
    estimate.v   1.00000   1.00000   1.00000   1.00000    90    90  1  10.0000
     examine.v   0.16069   0.26156   0.19908   0.15800    29    29  3  30.0000
    exchange.n   0.01590   0.06411   0.02548  -0.04016   424   424  5  50.0510
       exist.v   0.02525   0.00916   0.01344  -0.03947    74    74  2  20.0000
     explain.v   0.01994   0.01061   0.01385  -0.01977   103   103  2  20.0214
     express.v   1.00000   1.00000   1.00000   1.00000    57    57  1  10.0000
        feel.v   0.01444   0.03067   0.01964  -0.05682   398   398  3  30.0620
        find.v   0.04838   0.04500   0.04663  -0.03264   202   202  5  50.1110
         fix.v   0.32086   0.34482   0.33241   0.12708    34    34  5  50.0000
      future.n   0.01268   0.04302   0.01958  -0.03527   496   496  3  30.0405
          go.v   0.06824   0.14054   0.09187  -0.02643   305   305 12 120.0796
       grant.v   0.07992   0.08427   0.08204   0.12899    24    24  2  20.0000
        hold.v   0.08345   0.30329   0.13089   0.02514   153   153  9  90.1161
        hope.v   1.00000   1.00000   1.00000   1.00000   136   136  1  10.1006
        hour.n   0.01270   0.01677   0.01446  -0.05589   235   235  4  40.0805
     improve.v   1.00000   1.00000   1.00000   1.00000    47    47  1  10.0000
         job.n   0.00411   0.01380   0.00633  -0.01267   227   227  3  30.0920
        join.v   0.02410   0.02160   0.02278  -0.01289    86    86  4  40.0000
        keep.v   0.04497   0.04692   0.04592  -0.00213   340   340  8  80.0751
        kill.v   0.00882   0.01286   0.01046  -0.04850   127   127  4  40.0640
        lead.v   0.02179   0.03031   0.02536  -0.01948   204   204  6  60.1086
    maintain.v   0.01176   0.00942   0.01046   0.04417    71    71  2  20.0000
  management.n   0.00535   0.05393   0.00973   0.00946   329   329  2  20.0729
        move.n   0.02540   0.02475   0.02507   0.01596   317   317  4  40.0770
        need.v   0.00518   0.02284   0.00844  -0.01891   251   251  2  20.0944
   negotiate.v   1.00000   1.00000   1.00000   1.00000    34    34  1  10.0000
     network.n   0.01793   0.03518   0.02376   0.03600   207   207  3  30.0793
       occur.v   0.01787   0.01966   0.01872  -0.06880    69    69  3  30.0000
       order.n   0.06295   0.03327   0.04354  -0.06512   403   403  7  70.0526
        part.n   0.01900   0.01607   0.01741   0.01662   552   552  4  40.0430
      people.n   0.02608   0.01070   0.01517  -0.01781   869   869  4  40.0321
       plant.n   0.00959   0.02918   0.01444  -0.03817   411   411  2  20.0571
       point.n   0.09753   0.06336   0.07682  -0.05879   619   619  9  90.0338
      policy.n   0.00004   0.00013   0.00007  -0.00379   370   370  2  20.0657
    position.n   0.06666   0.07966   0.07258   0.02641   313   313  7  70.0726
       power.n   0.01756   0.06574   0.02772   0.00185   298   298  3  30.0793
     prepare.v   0.00582   0.01239   0.00792  -0.01626    72    72  2  20.0000
   president.n   0.00226   0.01207   0.00381  -0.01713  1056  1056  3  30.0222
     produce.v   0.01704   0.02999   0.02173   0.04750   159   159  3  30.1119
     promise.v   0.00644   0.02966   0.01058  -0.02698    58    58  2  20.0000
     propose.v   0.00827   0.01198   0.00979   0.06009    48    48  2  20.0000
       prove.v   0.03322   0.02286   0.02709  -0.00406    71    71  3  30.0000
    purchase.v   1.00000   1.00000   1.00000   1.00000    50    50  1  10.0000
       raise.v   0.06325   0.07757   0.06968  -0.01461   181   181  8  80.1084
        rate.n   0.00067   0.02238   0.00130  -0.00282  1154  1154  2  20.0187
      recall.v   0.12679   0.03903   0.05968   0.00326    64    64  3  30.0000
     receive.v   0.01839   0.01726   0.01781  -0.05788   184   184  2  20.1050
      regard.v   0.06610   0.07354   0.06962   0.03401    54    54  3  30.0000
    remember.v   0.00256   0.00145   0.00185  -0.00997   134   134  2  20.0830
      remove.v   1.00000   1.00000   1.00000   1.00000    64    64  1  10.0000
     replace.v   0.00079   0.00017   0.00027  -0.00126    61    61  2  20.0000
      report.v   0.07782   0.04296   0.05536   0.11769   163   163  3  30.0973
        rush.v   0.00102   0.00032   0.00049  -0.00477    35    35  2  20.0000
         say.v   0.01552   0.00629   0.00896   0.01708  2702  2702  5  50.0103
         see.v   0.04196   0.04827   0.04489  -0.00651   212   212  6  60.1045
         set.v   0.06669   0.09393   0.07800   0.00309   216   216  9  90.1036
       share.n   0.00416   0.00487   0.00448  -0.02069  3061  2668  2  20.0069
      source.n   0.02052   0.21449   0.03746   0.00035   187   187  5  50.0619
       space.n   0.08946   0.08121   0.08514  -0.00347    81    81  5  50.0000
       start.v   0.02426   0.02631   0.02524  -0.04110   252   252  6  60.1001
       state.n   0.01811   0.15950   0.03253   0.02327   689   689  3  30.0359
      system.n   0.02870   0.03574   0.03183   0.01879   520   520  5  50.0505
        turn.v   0.09423   0.11383   0.10310  -0.01745   402   402 13 130.0649
       value.n   0.02670   0.02093   0.02346  -0.05905   394   394  3  30.0535
        work.v   0.08223   0.07964   0.08091  -0.03871   273   273  8  80.0886
