word, homogeneity_score, completeness_score, v_measure, randIndex, num_of_inst, num_of_feature
      affect.v   1.00000   1.00000   1.00000   1.00000    64    64  1  10.0462
       allow.v   0.00207   0.01348   0.00359  -0.01198   143   143  2  20.1494
    announce.v   0.75583   0.43087   0.54886   0.65611   108   108  2  20.1710
     approve.v   0.08961   0.03511   0.05045  -0.06111    65    65  2  20.0274
        area.n   0.00567   0.02675   0.00935  -0.02267   363   363  3  30.0677
         ask.v   0.04435   0.02761   0.03403  -0.01264   406   406  6  60.0607
     attempt.v   1.00000   1.00000   1.00000   1.00000    50    50  1  10.0000
   authority.n   0.05892   0.05150   0.05496   0.02220   111   111  4  40.1514
       avoid.v   1.00000   1.00000   1.00000   1.00000    71    71  1  10.1253
        base.n   0.05106   0.21574   0.08257  -0.01823   112   112  5  50.1139
       begin.v   0.04677   0.03977   0.04299   0.00653   162   162  4  40.1530
     believe.v   0.00924   0.00683   0.00785   0.01756   257   257  2  20.0914
        bill.n   0.00652   0.00664   0.00658  -0.00897   506   506  3  30.0432
       build.v   0.02074   0.06614   0.03158   0.03017   165   165  3  30.1405
         buy.v   0.10279   0.10587   0.10431   0.11180   210   210  5  50.1173
     capital.n   0.07778   0.02231   0.03468   0.06962   335   335  4  40.0694
        care.v   0.02926   0.11416   0.04658   0.01944    76    76  3  30.0721
     carrier.n   0.11518   0.12474   0.11977  -0.04012   132   132  8  80.1320
       cause.v   1.00000   1.00000   1.00000   1.00000   120   120  1  10.1731
      chance.n   0.06736   0.09018   0.07711   0.03127   106   106  4  40.1592
       claim.v   0.04755   0.02648   0.03402  -0.04081    69    69  3  30.1026
        come.v   0.09769   0.11568   0.10593   0.00306   229   229 10 100.1134
    complain.v   0.01889   0.01889   0.01889  -0.06268    46    46  2  20.0000
    complete.v   0.17182   0.03721   0.06118   0.00736    58    58  2  20.0000
   condition.n   0.00679   0.01259   0.00882  -0.04516   166   166  2  20.1278
  contribute.v   0.00424   0.00721   0.00534  -0.02442    53    53  2  20.0000
     defense.n   0.08944   0.17341   0.11801  -0.00833   141   141  7  70.1377
    describe.v   0.02555   0.01601   0.01969  -0.06651    76    76  3  30.1194
 development.n   0.02603   0.02782   0.02689   0.10661   209   209  3  30.1105
    disclose.v   0.34147   0.05598   0.09620   0.10437    69    69  2  20.0667
          do.v   0.10273   0.04783   0.06527  -0.03038   268   268  4  40.0871
        drug.n   0.01617   0.09283   0.02755  -0.01991   251   251  2  20.0895
      effect.n   0.05283   0.02860   0.03711  -0.00591   208   208  3  30.1116
         end.v   0.04383   0.03381   0.03817  -0.00343   156   156  4  40.1282
       enjoy.v   0.00021   0.00027   0.00023   0.00085    70    70  2  20.0983
    estimate.v   1.00000   1.00000   1.00000   1.00000    90    90  1  10.1372
     examine.v   0.07190   0.05437   0.06192  -0.00733    29    29  3  30.0000
    exchange.n   0.04435   0.02759   0.03401  -0.03950   424   424  5  50.0523
       exist.v   0.05004   0.01233   0.01979  -0.03677    74    74  2  20.1124
     explain.v   0.00008   0.00011   0.00009   0.00392   103   103  2  20.1757
     express.v   1.00000   1.00000   1.00000   1.00000    57    57  1  10.0000
        feel.v   0.00618   0.01124   0.00798  -0.03731   398   398  3  30.0618
        find.v   0.05980   0.03179   0.04151   0.00186   202   202  5  50.1258
         fix.v   0.22252   0.33843   0.26850   0.01914    34    34  5  50.0000
      future.n   0.00705   0.00546   0.00616  -0.01606   496   496  3  30.0419
          go.v   0.10996   0.09367   0.10116   0.00904   305   305 12 120.0833
       grant.v   0.05257   0.08882   0.06605   0.10233    24    24  2  20.0000
        hold.v   0.12911   0.13543   0.13220   0.04450   153   153  9  90.1556
        hope.v   1.00000   1.00000   1.00000   1.00000   136   136  1  10.1602
        hour.n   0.00915   0.02521   0.01343   0.04097   235   235  4  40.0941
     improve.v   1.00000   1.00000   1.00000   1.00000    47    47  1  10.0000
         job.n   0.00466   0.00433   0.00449  -0.02544   227   227  3  30.1041
        join.v   0.03696   0.06390   0.04683   0.03697    86    86  4  40.1585
        keep.v   0.12305   0.10003   0.11035   0.06077   340   340  8  80.0741
        kill.v   0.05135   0.02726   0.03562  -0.01083   127   127  4  40.1407
        lead.v   0.05477   0.07817   0.06441   0.00444   204   204  6  60.1208
    maintain.v   0.02087   0.02087   0.02087  -0.07383    71    71  2  20.1280
  management.n   0.00058   0.00586   0.00106   0.00294   329   329  2  20.0742
        move.n   0.09761   0.03900   0.05573   0.03932   317   317  4  40.0774
        need.v   0.01051   0.03638   0.01631  -0.02888   251   251  2  20.1004
   negotiate.v   1.00000   1.00000   1.00000   1.00000    34    34  1  10.0000
     network.n   0.01560   0.03008   0.02054   0.03001   207   207  3  30.0981
       occur.v   0.01965   0.02415   0.02167  -0.04680    69    69  3  30.0784
       order.n   0.12134   0.04814   0.06894   0.00023   403   403  7  70.0551
        part.n   0.04858   0.02941   0.03664   0.07612   552   552  4  40.0412
      people.n   0.00998   0.00539   0.00700  -0.00831   869   869  4  40.0297
       plant.n   0.00080   0.00112   0.00093  -0.01815   411   411  2  20.0585
       point.n   0.09364   0.04766   0.06317  -0.04169   619   619  9  90.0338
      policy.n   0.01750   0.26061   0.03280   0.03210   370   370  2  20.0665
    position.n   0.06254   0.09538   0.07554   0.01089   313   313  7  70.0741
       power.n   0.01587   0.02310   0.01882   0.00836   298   298  3  30.0831
     prepare.v   0.00059   0.00317   0.00100   0.00156    72    72  2  20.1087
   president.n   0.05720   0.03438   0.04294  -0.02420  1056  1056  3  30.0211
     produce.v   0.01097   0.01644   0.01316   0.02141   159   159  3  30.1465
     promise.v   0.00029   0.00029   0.00029  -0.01581    58    58  2  20.0000
     propose.v   0.01758   0.01210   0.01433   0.04950    48    48  2  20.0000
       prove.v   0.02397   0.02173   0.02280  -0.00824    71    71  3  30.1097
    purchase.v   1.00000   1.00000   1.00000   1.00000    50    50  1  10.0000
       raise.v   0.08700   0.09910   0.09265   0.00168   181   181  8  80.1318
        rate.n   0.00438   0.03019   0.00765  -0.01731  1154  1154  2  20.0179
      recall.v   0.15827   0.15827   0.15827   0.12430    64    64  3  30.0352
     receive.v   0.00000   0.00000   0.00000  -0.00190   184   184  2  20.1269
      regard.v   0.06408   0.06420   0.06414   0.00113    54    54  3  30.0000
    remember.v   0.00256   0.00145   0.00185  -0.00997   134   134  2  20.1424
      remove.v   1.00000   1.00000   1.00000   1.00000    64    64  1  10.0496
     replace.v   0.04143   0.01340   0.02025  -0.04584    61    61  2  20.0000
      report.v   0.03222   0.04839   0.03868   0.07647   163   163  3  30.1307
        rush.v   0.21364   0.06787   0.10302   0.02829    35    35  2  20.0000
         say.v   0.01844   0.00408   0.00668   0.00092  2702  2702  5  50.0091
         see.v   0.04599   0.08242   0.05904   0.03753   212   212  6  60.1184
         set.v   0.09031   0.12401   0.10451   0.04083   216   216  9  90.1151
       share.n   0.01384   0.00658   0.00892  -0.03212  3061  2668  2  20.0064
      source.n   0.06146   0.18775   0.09261  -0.02501   187   187  5  50.0904
       space.n   0.08131   0.08188   0.08159  -0.01030    81    81  5  50.0994
       start.v   0.08250   0.06857   0.07489   0.06966   252   252  6  60.1046
       state.n   0.00622   0.00326   0.00427  -0.00878   689   689  3  30.0355
      system.n   0.00368   0.00395   0.00381   0.00273   520   520  5  50.0497
        turn.v   0.16763   0.12977   0.14629   0.00154   402   402 13 130.0631
       value.n   0.01004   0.00663   0.00798   0.06793   394   394  3  30.0553
        work.v   0.06408   0.04523   0.05303  -0.03248   273   273  8  80.0923
