word, homogeneity_score, completeness_score, v_measure, randIndex, num_of_inst, num_of_feature
      affect.v   1.00000   1.00000   1.00000   1.00000    64   357  1  1
       allow.v   0.00064   0.00031   0.00042   0.00743   143   676  2  2
    announce.v   0.00331   0.00189   0.00240  -0.01238   108   536  2  2
     approve.v   0.02283   0.00855   0.01244   0.03521    65   333  2  2
        area.n   0.05050   0.03174   0.03898  -0.00397   363  1243  3  3
         ask.v   0.06768   0.03413   0.04537   0.02695   406  1327  6  6
     attempt.v   1.00000   1.00000   1.00000   1.00000    50   300  1  1
   authority.n   0.51336   0.41394   0.45832   0.50635   111   493  4  4
       avoid.v   1.00000   1.00000   1.00000   1.00000    71   413  1  1
        base.n   0.10047   0.13491   0.11517  -0.01273   112   466  5  5
       begin.v   0.02537   0.01870   0.02153  -0.00894   162   783  4  4
     believe.v   0.00088   0.00064   0.00074   0.00083   257   956  2  2
        bill.n   0.23966   0.18540   0.20906   0.26805   506  1171  3  3
       build.v   0.02480   0.01880   0.02138   0.02462   165   758  3  3
         buy.v   0.07610   0.03486   0.04782   0.00257   210   834  5  5
     capital.n   0.08343   0.01666   0.02777  -0.01567   335  1076  4  4
        care.v   0.07571   0.07047   0.07299   0.00538    76   289  3  3
     carrier.n   0.15374   0.07718   0.10277  -0.00934   132   534  8  8
       cause.v   1.00000   1.00000   1.00000   1.00000   120   616  1  1
      chance.n   0.06927   0.05110   0.05881   0.01316   106   491  4  4
       claim.v   0.19568   0.10046   0.13276   0.09420    69   400  3  3
        come.v   0.10867   0.10010   0.10421  -0.00491   229   985 10 10
    complain.v   0.01244   0.01678   0.01429  -0.05094    46   269  2  2
    complete.v   0.11880   0.02653   0.04338  -0.02115    58   331  2  2
   condition.n   0.08505   0.06587   0.07424  -0.05902   166   693  2  2
  contribute.v   0.03190   0.03369   0.03277  -0.01493    53   289  2  2
     defense.n   0.06373   0.07708   0.06977  -0.00083   141   624  7  7
    describe.v   0.07878   0.02514   0.03812  -0.06285    76   403  3  3
 development.n   0.33751   0.22374   0.26909   0.20291   209   847  3  3
    disclose.v   0.07828   0.00932   0.01665  -0.01440    69   338  2  2
          do.v   0.08661   0.02292   0.03624   0.01016   268   886  4  4
        drug.n   0.00088   0.00083   0.00085  -0.00391   251   892  2  2
      effect.n   0.11352   0.05534   0.07441  -0.00879   208   818  3  3
         end.v   0.22201   0.17193   0.19379   0.19093   156   621  4  4
       enjoy.v   0.00003   0.00003   0.00003  -0.00843    70   364  2  2
    estimate.v   1.00000   1.00000   1.00000   1.00000    90   401  1  1
     examine.v   0.15689   0.11865   0.13511  -0.02718    29   186  3  3
    exchange.n   0.02896   0.01747   0.02180  -0.00557   424  1155  5  5
       exist.v   0.12026   0.02198   0.03716  -0.01358    74   391  2  2
     explain.v   0.00482   0.00320   0.00384  -0.03286   103   524  2  2
     express.v   1.00000   1.00000   1.00000   1.00000    57   339  1  1
        feel.v   0.01957   0.01145   0.01445   0.02402   398  1294  3  3
        find.v   0.08139   0.03712   0.05099   0.01012   202   908  5  5
         fix.v   0.14436   0.18716   0.16300  -0.03745    34   194  5  5
      future.n   0.30992   0.20288   0.24523   0.34003   496  1134  3  3
          go.v   0.29463   0.23595   0.26205   0.13768   305  1051 12 12
       grant.v   0.29214   0.33068   0.31022   0.41101    24   143  2  2
        hold.v   0.12836   0.11430   0.12092   0.02081   153   737  9  9
        hope.v   1.00000   1.00000   1.00000   1.00000   136   640  1  1
        hour.n   0.02695   0.00958   0.01413   0.00261   235   787  4  4
     improve.v   1.00000   1.00000   1.00000   1.00000    47   286  1  1
         job.n   0.08777   0.07197   0.07909  -0.00718   227   862  3  3
        join.v   0.09650   0.09370   0.09508   0.01291    86   467  4  4
        keep.v   0.03855   0.03163   0.03475   0.01276   340  1235  8  8
        kill.v   0.10977   0.04053   0.05920  -0.04348   127   513  4  4
        lead.v   0.17219   0.16548   0.16877   0.12303   204   911  6  6
    maintain.v   0.03307   0.02272   0.02693   0.00751    71   403  2  2
  management.n   0.00059   0.00202   0.00092   0.00510   329  1143  2  2
        move.n   0.16795   0.03984   0.06440   0.01515   317  1150  4  4
        need.v   0.02908   0.02651   0.02774   0.04579   251   983  2  2
   negotiate.v   1.00000   1.00000   1.00000   1.00000    34   205  1  1
     network.n   0.10267   0.09076   0.09635   0.06497   207   755  3  3
       occur.v   0.12155   0.06558   0.08520   0.07404    69   361  3  3
       order.n   0.25242   0.08935   0.13198   0.06708   403  1090  7  7
        part.n   0.32971   0.17419   0.22795   0.27622   552  1644  4  4
      people.n   0.05386   0.01852   0.02757   0.01373   869  2400  4  4
       plant.n   0.02157   0.01255   0.01587   0.04612   411  1212  2  2
       point.n   0.34595   0.16473   0.22319   0.06328   619  1239  9  9
      policy.n   0.01389   0.01340   0.01364  -0.05258   370  1214  2  2
    position.n   0.09646   0.10399   0.10008   0.03623   313  1045  7  7
       power.n   0.05190   0.04821   0.04998   0.02955   298  1110  3  3
     prepare.v   0.00177   0.00183   0.00180  -0.01500    72   367  2  2
   president.n   0.27784   0.13576   0.18240   0.13396  1056  2540  3  3
     produce.v   0.02746   0.01294   0.01759  -0.01933   159   771  3  3
     promise.v   0.05985   0.05564   0.05767   0.17619    58   330  2  2
     propose.v   0.00800   0.03280   0.01286  -0.03198    48   310  2  2
       prove.v   0.02650   0.06072   0.03689  -0.01941    71   389  3  3
    purchase.v   1.00000   1.00000   1.00000   1.00000    50   255  1  1
       raise.v   0.16989   0.16847   0.16918   0.05324   181   807  8  8
        rate.n   0.03062   0.01884   0.02333   0.02145  1154  1837  2  2
      recall.v   0.09223   0.03797   0.05379  -0.08637    64   361  3  3
     receive.v   0.00916   0.00305   0.00458   0.00863   184   806  2  2
      regard.v   0.03746   0.09669   0.05400  -0.03567    54   312  3  3
    remember.v   0.07363   0.00500   0.00936  -0.00684   134   545  2  2
      remove.v   1.00000   1.00000   1.00000   1.00000    64   327  1  1
     replace.v   0.20825   0.04440   0.07320   0.03097    61   373  2  2
      report.v   0.02300   0.00763   0.01146   0.01077   163   726  3  3
        rush.v   0.41318   0.16836   0.23923   0.25667    35   200  2  2
         say.v   0.04500   0.00340   0.00632   0.00066  2702  4869  5  5
         see.v   0.07541   0.05906   0.06624   0.02825   212   903  6  6
         set.v   0.10471   0.09862   0.10157   0.05198   216   921  9  9
       share.n   0.06483   0.01258   0.02107  -0.02747  3061  2668  2  2
      source.n   0.21039   0.33250   0.25771   0.19681   187   657  5  5
       space.n   0.22088   0.14856   0.17764   0.04520    81   388  5  5
       start.v   0.07611   0.05706   0.06522   0.00561   252  1068  6  6
       state.n   0.04559   0.02615   0.03323  -0.04155   689  1814  3  3
      system.n   0.08934   0.05991   0.07172   0.04306   520  1577  5  5
        turn.v   0.15787   0.11867   0.13549   0.00947   402  1426 13 13
       value.n   0.06322   0.02383   0.03461  -0.04094   394  1075  3  3
        work.v   0.07739   0.04645   0.05805  -0.00791   273  1027  8  8
